15
0
10
5
14
201
205
205
187
201
187
201
187
201
205
205
203
187
201
187

200
205
187
200
188
200
188
186
200
205
187
186
200
188
186

186
201
188
201
203
205
187
200
187
201
188
186
205
205
185

204
188
186
186
186
186
186
201
188
200
205
200
203
187
186

186
205
202
188
186
204
188
200
205
205
205
187
186
186
186

186
201
205
205
188
186
205
205
203
205
187
186
186
186
200

200
188
186
201
187
200
205
187
200
187
186
200
187
204
187

201
205
204
188
204
205
201
188
201
188
201
205
188
186
186

204
205
202
205
200
187
186
201
185
205
188
201
205
187
186

186
201
205
205
205
188
186
186
204
205
205
188
186
186
186

185
200
205
187
201
205
188
201
188
201
187
201
202
188
186

186
201
205
185
186
205
205
202
187
186
200
188
201
203
188

201
188
205
188
200
205
205
205
188
186
186
201
188
200
187

186
201
205
205
203
205
205
201
205
188
200
202
205
201
185

200
202
205
205
200
205
205
202
205
205
205
205
205
188
188